0 200
1103 223
1136 200
1375 223
1424 200
2447 223
2380 200
3391 223
448 168
479 199
608 152
639 199
736 136
767 199
912 136
943 199
2144 184
2207 199
2160 168
2207 183
2176 152
2207 167
2192 136
2207 151
2240 184
2303 199
2240 168
2287 183
2240 152
2271 167
2240 136
2255 151
2368 184
2447 199
2384 168
2447 183
2400 152
2447 167
2416 136
2447 151
2480 184
2543 199
2480 168
2527 183
2480 152
2511 167
2480 136
2495 151
2608 168
2639 199
2864 168
2895 199
2896 184
3039 199
2912 168
3039 183
2928 152
3039 167
2944 136
3039 151
2960 120
3039 135
2976 104
3039 119
2992 88
3039 103
3008 72
3039 87